0221101.195551
3.3
3.31
3.32
3.4
3.41
3.42
3.43
3.43a
3.44
3.45
3.5
3.51
3.6
3.61
3.62
3.63
3.65
3.7
3.71
3.72
3.8
4.0
4.01
4.02
4.03
4.1
4.11
4.12
4.2
4.21
4.22
4.23
4.30
4.31
4.32
4.40
4.50
4.60
4.61
4.65
4.70
4.71
4.72
4.80
4.81
4.82
4.83
4.84
4.85
4.86
4.87
4.88
4.89
4.90
4.91
4.92
4.93
4.94
4.95
4.96
4.97
4.98
4.99
5.0
5.01
5.02
5.03
5.04
5.05
5.06
5.07
5.08
5.09
5.10
5.11
5.20
5.21
5.22
5.23
5.24
5.30
5.31
5.32
5.33
6.00
6.01
6.02
6.03
6.04
6.05
6.06
6.07
6.08
6.09
6.10
6.11
6.12
6.13
6.14
6.15
6.16
6.17
6.18
6.20
6.21
6.22
6.23
6.24
6.25
